,subj_id,agent,path_lengths
0,5000,MeLD,138.0
1,5001,MeLD,138.0
2,5002,MeLD,137.66666666666666
3,5003,MeLD,135.16666666666666
4,5004,MeLD,138.0
5,5005,MeLD,138.2
6,5006,MeLD,136.25
7,5007,MeLD,135.33333333333334
8,5008,MeLD,136.83333333333334
9,5009,MeLD,136.25
10,5010,MeLD,137.0
11,5011,MeLD,135.5
12,5012,MeLD,141.75
13,5013,MeLD,138.83333333333334
14,5014,MeLD,135.66666666666666
15,5015,MeLD,136.83333333333334
16,5016,MeLD,139.5
17,5017,MeLD,139.5
18,5018,MeLD,140.8
19,5019,MeLD,139.16666666666666
20,5020,MeLD,134.83333333333334
21,5021,MeLD,135.33333333333334
22,5022,MeLD,135.42857142857142
23,5024,MeLD,137.0
24,5025,MeLD,141.125
25,5000,DAgger,136.0
26,5001,DAgger,139.0
27,5002,DAgger,144.0
28,5003,DAgger,136.66666666666666
29,5004,DAgger,
30,5005,DAgger,146.0
31,5006,DAgger,
32,5007,DAgger,136.25
33,5008,DAgger,138.0
34,5009,DAgger,
35,5010,DAgger,138.75
36,5011,DAgger,137.0
37,5012,DAgger,138.5
38,5013,DAgger,147.5
39,5014,DAgger,
40,5015,DAgger,139.4
41,5016,DAgger,141.0
42,5017,DAgger,142.25
43,5018,DAgger,135.5
44,5019,DAgger,147.66666666666666
45,5020,DAgger,136.33333333333334
46,5021,DAgger,137.0
47,5022,DAgger,
48,5024,DAgger,
49,5025,DAgger,147.33333333333334
